2.702216
3.372157
1.013916
0.804984
3.016786
4.589044
1.057805
5.075821
1.352011
1.286442
0.363075
5.074645
3.770672
1.293958
3.851874
2.142508
5.160299
4.957328
2.691402
4.877571
2.277841
3.991694
4.497418
2.724198
1.083358
3.090996
3.122972
2.822007
4.768878
3.296389
2.139897
3.639052
0.702420
3.722891
0.730986
4.105325
3.313570
3.354116
0.494476
2.531152
3.108755
2.553565
3.030303
4.554904
4.209456
2.237379
3.298726
0.253350
2.322539
4.338092
1.499938
1.692337
4.177623
3.293395
4.570938
5.011185
0.659075
0.962995
1.805250
2.330745
4.271699
0.822329
5.172196
0.510536
1.062113
4.002718
4.663558
1.968035
1.253989
5.135966
1.087384
4.950130
1.783995
0.323580
1.053086
3.796164
5.153106
0.834863
3.978910
2.892768
1.893002
3.752446
2.260995
0.173126
3.111479
0.102798
2.380931
4.616098
3.860654
1.984162
5.004122
2.324175
0.248795
2.739422
4.864868
0.992112
0.662787
4.905797
1.809564
3.914998
1.832481
1.584870
4.995762
2.168623
1.184338
1.160649
4.032817
2.000391
0.125913
3.578172
0.232093
2.067099
1.958835
0.193935
4.527231
0.949620
4.650312
1.348431
4.627351
1.205482
3.382622
3.936212
1.561056
4.982224
4.522476
3.043134
4.897249
2.578397
4.322834
4.998590
4.176669
0.712635
1.367214
4.903268
0.597129
2.047345
4.771181
2.402351
0.574581
0.454444
2.461801
1.515851
2.293517
4.735286
4.395404
3.024855
3.264923
2.897713
3.979705
3.993270
2.292661
3.701061
0.717026
4.145515
4.097779
1.754989
2.776635
2.022699
2.852802
0.990685
3.324244
3.236202
3.419826
3.951947
1.137111
1.136463
2.268585
3.320936
4.932128
3.474695
2.842349
3.943466
1.920259
1.990771
0.721737
5.129567
3.275424
4.927716
2.591176
1.930811
2.279376
4.150406
0.176548
2.599406
0.555682
0.324762
1.171699
4.834591
0.876941
4.691746
2.825028
3.188993
0.564038
0.477608
1.413655
3.831223
0.734830
3.642390
2.363460
1.171786
0.093396
3.553968
1.450567
0.830451
4.606958
2.449630
0.100657
4.226563
1.749853
3.694954
1.612799
2.348108
3.511671
4.827474
2.488844
1.655374
4.959003
0.591707
1.381955
3.731534
1.312458
0.640709
0.768560
2.544201
2.071965
1.208719
4.114636
0.509239
4.574274
3.665486
2.708626
3.999146
1.127112
4.940787
2.088069
1.904104
0.367905
2.563924
5.036173
3.891702
2.347006
3.377913
2.672698
3.639759
3.275726
4.592641
1.849122
4.863348
2.268305
4.205507
1.238821
1.449387
4.701962
1.792189
3.970488
3.059073
2.840173
3.711099
2.433408
0.755612
1.949427
1.492310
1.563124
4.778454
4.117596
4.869312
3.427334
3.629335
2.728661
3.697352
3.881592
2.818805
3.283308
4.372253
2.662062
0.843231
4.236794
2.877063
3.020369
1.963545
0.208738
1.783678
4.653845
2.930345
1.711249
2.211903
4.624033
2.680170
0.867928
0.132861
3.561408
0.877660
1.516681
2.386937
0.888487
0.999785
4.916898
0.370995
1.708109
1.318049
1.444330
3.852194
2.834544
1.921464
3.578348
2.381892
0.745699
0.668322
4.992793
4.888359
3.640227
0.380988
3.081609
4.081497
0.691682
3.404767
4.247714
4.667453
1.558938
5.035319
0.614451
4.626348
3.525345
1.828780
