0.698012
-0.535647
-1.117142
-0.698095
0.091889
-0.612579
0.068629
-0.440892
-0.036758
-0.637812
-0.022969
0.862619
-0.155204
-0.339997
-0.684754
1.491486
-0.716454
1.246155
-0.405772
0.052115
-1.582236
-1.514053
0.318737
0.245268
1.191968
-1.083339
-0.416891
-0.236264
0.406472
-0.195874
0.014323
0.316787
0.786604
0.178610
0.054056
-1.508070
0.341054
-0.478673
0.180583
-0.749542
-0.189401
1.193330
0.051860
0.485858
-1.507254
-0.069484
1.507070
-2.723593
-0.621811
0.913189
-0.671902
1.276072
0.699004
1.738435
-0.962498
0.781266
0.597278
-1.323599
0.067372
-0.266318
0.859465
-0.992168
-0.100545
-0.506125
-0.906708
-1.090271
0.288914
0.680734
-0.312731
-0.155758
0.201829
-0.061699
-1.799770
1.208161
0.451885
0.752743
0.249719
-0.493965
-0.951834
-0.883256
1.695576
0.515958
0.849267
0.033478
-0.063479
0.724494
0.235614
0.824304
-0.058155
1.201615
0.232763
-1.377721
-0.137707
-1.098684
-0.350600
-0.493154
-0.373218
0.550840
1.196977
-1.361039
0.302641
0.200702
1.496025
-0.316642
-0.037593
0.186091
2.010499
1.621302
-1.597826
-0.943599
-0.256910
0.016304
0.783403
-0.015473
-0.837813
1.072189
1.067890
-0.091395
-0.511710
-0.611208
-1.724031
1.305606
-1.019788
1.108855
-1.391162
0.176482
-1.230250
-0.174451
0.280604
0.928464
0.367702
0.229139
-1.047915
1.534572
-0.370462
0.484738
0.197436
1.326273
0.415947
-0.817633
-0.300410
-0.015607
1.093121
-0.107868
1.783732
-1.821479
0.854211
-0.647953
0.134529
-0.989188
0.306000
-0.603500
0.269131
-1.167737
0.685148
-0.308098
0.661227
0.831292
-0.224897
0.139902
0.544412
-0.443668
1.221346
0.328889
0.282961
0.468817
-0.013191
-0.107226
-2.195781
0.822484
0.128918
-0.469953
1.133667
-0.507089
0.472065
0.312783
-0.371878
-0.199712
1.493772
0.042745
1.139628
0.369491
-0.729291
-1.444395
1.616348
0.246258
1.545761
-1.060270
-0.311748
-1.190075
0.647064
0.407447
-1.402184
-0.351062
0.939501
-0.303624
0.289847
-0.713254
0.144288
-2.354577
0.221733
-0.393662
0.223956
0.073688
-0.927475
-0.299063
1.089572
-0.553995
-0.624344
-0.153089
-0.033327
1.399797
-0.840282
0.510529
0.638823
0.012092
-0.885500
1.430458
-0.239615
-0.441485
0.572471
-0.727777
0.008849
0.302243
0.118636
2.280644
-0.964209
-0.699090
0.234915
1.487802
-1.126981
-0.184304
0.716240
1.182993
0.675358
-1.286981
0.218332
-1.681742
1.641292
-0.321354
0.495985
0.812387
0.659191
-0.233185
-0.410912
-1.064094
0.140165
-0.173972
-0.782340
-1.194881
0.164539
-0.956615
-0.869376
0.491284
1.343139
-0.055301
-0.143992
0.270415
0.688139
-0.401541
0.873592
-0.166956
-0.093999
-0.481422
-1.368189
0.058940
-0.083311
-0.242105
-0.517256
0.453123
-0.544974
-0.298868
1.446746
1.222546
0.754249
0.894545
2.212825
0.367254
-0.287186
-2.133271
0.325205
1.042934
-0.623087
0.524873
-0.944345
0.127878
-0.576477
-0.700038
0.273386
-0.074670
-0.090374
0.291066
0.096657
-0.093242
-0.521059
0.290178
0.709333
-1.057542
0.270457
0.529136
1.919648
-0.006269
-0.921696
-2.186736
-0.032036
0.206687
0.081500
1.422556
-1.138349
0.136883
-0.100109
-1.061501
-0.374653
-1.736954
0.628334
-0.605489
0.253839
-0.204521
-1.355009
-0.357213
0.773631
-0.103278
0.282385
1.521568
